# 41556,0.30586246,0.35192886,0.7659334,0.84421384,School
03901	0.3155915	0.7688925	Berwick	2
03902	0.31666574	0.76857185	Cape Neddick	0
03903	0.31596735	0.7672348	Eliot	2
03904	0.31667346	0.76758766	Kittery	3
03905	0.31706354	0.7659334	Kittery	3
03906	0.31513953	0.7698803	North Berwick	2
03907	0.31536683	0.7701272	Ogunquit	0
03908	0.31617656	0.7681067	South Berwick	3
03909	0.3163817	0.7683507	York	5
03910	0.31600186	0.7677705	York Beach	0
03911	0.31743765	0.76714003	York Harbor	0
04001	0.31369528	0.7727612	Acton	3
04002	0.31473926	0.7720723	Alfred	3
04003	0.32250196	0.77910423	Bailey Island	0
04004	0.31684682	0.7708012	Bar Mills	0
04005	0.31549805	0.77346337	Biddeford	8
04006	0.31949523	0.7728102	Biddeford	8
04007	0.31762332	0.7726959	Biddeford	8
04008	0.32258195	0.784356	Bowdoinham	1
04009	0.31246153	0.78003716	Bridgton	2
04010	0.31152657	0.7838346	Brownfield	0
04011	0.31739244	0.7813145	Brunswick	7
04013	0.3136273	0.7888572	Bustins Island	0
04014	0.31684682	0.7708012	Cape Porpoise	0
04015	0.3150508	0.78115	Casco	1
04016	0.3096152	0.7836411	Center Lovell	0
04017	0.3210285	0.77854514	Chebeague Island	1
04019	0.3136273	0.7888572	Cliff Island	0
04020	0.31268808	0.77708733	Cornish	2
04022	0.31061	0.79089797	Denmark	1
04024	0.3136095	0.7786248	East Baldwin	1
04027	0.31262973	0.7713636	Lebanon	1
04028	0.31223208	0.7762084	East Parsonfield	0
04029	0.31521687	0.7794715	Sebago	1
04030	0.31474057	0.7744297	East Waterboro	0
04032	0.32066074	0.7809293	Freeport	5
04033	0.3136273	0.7888572	Freeport	5
04034	0.3136273	0.7888572	Freeport	5
04037	0.30936283	0.78109384	Fryeburg	2
04038	0.31783336	0.7790376	Gorham	8
04039	0.31780127	0.78039	Gray	3
04040	0.3169274	0.7822226	Harrison	2
04041	0.31178606	0.7787608	Hiram	3
04042	0.31559187	0.7744316	Hollis	1
04043	0.31691992	0.77316725	Kennebunk	6
04046	0.3160291	0.7736405	Kennebunkport	4
04047	0.3113977	0.7762114	Parsonsfield	0
04048	0.3126875	0.7750393	Limerick	1
04049	0.31353235	0.7760433	Limington	1
04050	0.3136273	0.7888572	Long Island	1
04051	0.30986318	0.78296244	Lovell	1
04053	0.3136273	0.7888572	Merepoint	0
04054	0.31734115	0.76931226	Moody	0
04055	0.31368428	0.7806864	Naples	4
04056	0.3122831	0.77487826	Newfield	0
04057	0.3136273	0.7888572	North Bridgton	0
04061	0.3147374	0.77343225	North Waterboro	0
04062	0.31682977	0.78071785	Windham	4
04063	0.31885892	0.7738868	Ocean Park	0
04064	0.31827375	0.77203286	Old Orchard Beach	2
04066	0.32253435	0.7799164	Orrs Island	0
04068	0.3106082	0.7778739	Porter	0
04069	0.31941128	0.78113556	Pownal	1
04070	0.3198817	0.7754817	Scarborough	7
04071	0.31601718	0.7804003	Raymond	2
04072	0.31528053	0.7735652	Saco	7
04073	0.31555402	0.77427506	Sanford	9
04074	0.31796122	0.777634	Scarborough	0
04075	0.31548607	0.7782521	Sebago Lake	0
04076	0.31414464	0.7726928	Shapleigh	1
04077	0.31529188	0.78027	South Casco	0
04078	0.32058617	0.7801132	South Freeport	0
04079	0.32228687	0.77986646	Harpswell	2
04081	0.31061	0.79089797	South Waterford	0
04082	0.3136273	0.7888572	South Windham	0
04083	0.314632	0.77201974	Springvale	0
04084	0.3154141	0.77838504	Standish	4
04085	0.3145401	0.77755487	Steep Falls	0
04086	0.32203403	0.7834418	Topsham	4
04087	0.31412518	0.7738397	Waterboro	3
04088	0.31061	0.79089797	Waterford	1
04090	0.31573647	0.7716614	Wells	4
04091	0.3136273	0.7888572	West Baldwin	0
04092	0.3150146	0.77919614	Westbrook	7
04093	0.31528753	0.77561283	Buxton	3
04094	0.31703827	0.77158916	West Kennebunk	0
04095	0.3121353	0.77379656	West Newfield	0
04096	0.32007357	0.7795602	Yarmouth	1
04097	0.31954697	0.7801361	North Yarmouth	1
04098	0.3136273	0.7888572	Westbrook	7
04101	0.31963462	0.77690125	Portland	22
04102	0.31705052	0.77771354	Portland	22
04103	0.31916398	0.7773069	Portland	22
04104	0.31630817	0.77939475	Portland	22
04105	0.31915662	0.77823293	Falmouth	7
04106	0.3194564	0.7762804	South Portland	12
04107	0.32020816	0.7759094	Cape Elizabeth	4
04108	0.3205114	0.77721834	Peaks Island	0
04109	0.32031363	0.7774457	Portland	22
04110	0.31992754	0.7788062	Cumberland	4
04112	0.3136273	0.7888572	Portland	22
04116	0.3136273	0.7888572	South Portland	12
04122	0.3136273	0.7888572	Portland	22
04123	0.3136273	0.7888572	Portland	22
04124	0.3136273	0.7888572	Portland	22
04210	0.31784874	0.78419995	Auburn	15
04211	0.31738743	0.7860637	Auburn	15
04212	0.31738743	0.7860637	Auburn	15
04216	0.31009224	0.7907932	Andover	1
04217	0.30994394	0.7882186	Bethel	4
04220	0.31508303	0.78777134	Buckfield	1
04219	0.3128934	0.78605866	Bryant Pond	0
04221	0.31564194	0.78900814	Canton	0
04223	0.31764182	0.7829875	Danville	0
04222	0.31912118	0.7823895	Durham	1
04224	0.313526	0.7914771	Dixfield	2
04225	0.31564146	0.79294765	Dryden	0
04226	0.31029588	0.7906213	East Andover	0
04227	0.31455883	0.7922195	East Dixfield	0
04228	0.31738743	0.7860637	East Livermore	0
04230	0.3169628	0.78350425	East Poland	0
04231	0.30937004	0.78597474	Stoneham	0
04234	0.31610352	0.7933451	East Wilton	0
04236	0.3186574	0.7862835	Greene	1
04238	0.3156511	0.78610265	Hebron	2
04239	0.3161429	0.79197586	Jay	3
04240	0.3187512	0.7844312	Lewiston	14
04241	0.31738743	0.7860637	Lewiston	14
04243	0.31738743	0.7860637	Lewiston	14
04250	0.31982127	0.78376055	Lisbon	3
04252	0.32022366	0.78386307	Lisbon Falls	0
04253	0.3175209	0.78792536	Livermore	1
04254	0.31778783	0.7869961	Livermore Falls	0
04255	0.3108022	0.7879658	Locke Mills	0
04256	0.3175388	0.7839726	Mechanic Falls	1
04257	0.3123308	0.79144394	Mexico	3
04258	0.31641874	0.78487027	Minot	1
04259	0.32110006	0.7898692	Monmouth	3
04260	0.31773773	0.78198886	New Gloucester	5
04263	0.3181911	0.78801525	Leeds	1
04261	0.30586246	0.79184675	Newry	0
04262	0.31164324	0.8001976	North Jay	0
04265	0.31930766	0.7885324	North Monmouth	0
04266	0.31643757	0.7887244	North Turner	0
04267	0.31061	0.79089797	North Waterford	0
04268	0.31156623	0.7859771	Norway	3
04270	0.31375647	0.7866472	Oxford	2
04271	0.31396192	0.7863356	Paris	3
04274	0.3162765	0.7830379	Poland	4
04275	0.31061	0.79089797	Roxbury	0
04276	0.31108624	0.79025567	Rumford	3
04278	0.31260395	0.7880124	Rumford Center	0
04281	0.3122373	0.7874768	South Paris	0
04280	0.31907082	0.78525496	Sabattus	3
04282	0.31689036	0.7871696	Turner	4
04283	0.31738743	0.7860637	Turner Center	0
04284	0.31860116	0.7893611	Wayne	1
04285	0.31164324	0.8001976	Weld	0
04286	0.30898422	0.7874801	West Bethel	0
04287	0.3213389	0.78463125	Bowdoin	1
04288	0.31738743	0.7860637	West Minot	0
04289	0.31307065	0.7874764	West Paris	1
04290	0.31371325	0.79013526	Peru	1
04291	0.31554693	0.782717	West Poland	0
04292	0.31395984	0.78733003	Sumner	1
04294	0.31533372	0.7931558	Wilton	2
04330	0.32188365	0.7901355	Augusta	8
04332	0.32220665	0.7913623	Augusta	8
04333	0.32220665	0.7913623	Augusta	8
04336	0.3218842	0.78948176	Augusta	8
04338	0.32220665	0.7913623	Augusta	8
04341	0.32535562	0.7894323	Coopers Mills	0
04342	0.3239758	0.78573847	Dresden	1
04343	0.32220665	0.7913623	East Winthrop	0
04344	0.32241634	0.7885573	Farmingdale	2
04345	0.3222278	0.7892326	Gardiner	6
04346	0.32322738	0.78902996	Randolph	1
04347	0.32247674	0.78843844	Hallowell	1
04348	0.32599238	0.78891623	Jefferson	2
04349	0.32220665	0.7913623	Kents Hill	1
04350	0.32100073	0.7863662	Litchfield	2
04351	0.3210961	0.7900288	Manchester	1
04352	0.31917194	0.7913693	Mount Vernon	1
04353	0.32540497	0.7881652	Whitefield	1
04354	0.32630235	0.7921947	Palermo	1
04355	0.31993046	0.79018843	Readfield	3
04357	0.32275918	0.785951	Richmond	3
04358	0.32437158	0.79127777	South China	0
04359	0.32300475	0.7873893	South Gardiner	0
04360	0.32220665	0.7913623	Vienna	0
04363	0.32220665	0.7913623	Windsor	1
04364	0.3201771	0.78913105	Winthrop	3
04401	0.32944742	0.80523825	Bangor	20
04402	0.3299107	0.81371534	Bangor	20
04406	0.32466248	0.8060709	Abbot	0
04408	0.33730468	0.7999095	Aurora	1
04410	0.32857013	0.8049289	Bradford	1
04411	0.3331668	0.8036603	Bradley	1
04412	0.3316879	0.80177724	Brewer	3
04413	0.34606066	0.80917084	Brookton	0
04414	0.3264533	0.8088826	Brownville	1
04415	0.32591575	0.8094733	Brownville Junction	0
04416	0.33297452	0.79786885	Bucksport	4
04417	0.33137575	0.80136096	Burlington	1
04418	0.33302426	0.8060694	Cardville	0
04419	0.32996342	0.800769	Carmel	2
04420	0.33360547	0.7946348	Castine	1
04421	0.33365387	0.7946979	Castine	1
04422	0.3275094	0.80476725	Charleston	1
04423	0.33368814	0.8060852	Costigan	0
04424	0.33835492	0.8187845	Danforth	1
04426	0.3250261	0.80594873	Dover Foxcroft	3
04427	0.32996547	0.80407226	Corinth	3
04428	0.3343473	0.8017626	Eddington	1
04429	0.33098835	0.8026408	Holden	3
04430	0.33083853	0.8087741	East Millinocket	2
04431	0.33445972	0.79759073	East Orland	0
04434	0.3299107	0.81371534	Etna	1
04435	0.32690933	0.802755	Exeter	0
04438	0.33190298	0.79814076	Frankfort	0
04441	0.3208784	0.8160281	Greenville	3
04442	0.3208784	0.8160281	Greenville Junction	0
04443	0.32138118	0.80752254	Guilford	2
04444	0.3311491	0.8016255	Hampden	5
04448	0.33104336	0.8090576	Howland	2
04449	0.32965362	0.8042846	Hudson	1
04450	0.32912096	0.8025409	Kenduskeag	1
04451	0.3299107	0.81371534	Kingman	1
04453	0.3267703	0.79946005	Lagrange	0
04454	0.34606066	0.80917084	Lambert Lake	0
04455	0.3299107	0.81371534	Lee	1
04456	0.32881147	0.8015828	Levant	1
04457	0.33248377	0.8116919	Lincoln	4
04459	0.3299107	0.81371534	Mattawamkeag	0
04460	0.33063716	0.8157277	Medway	1
04461	0.33282664	0.80609775	Milford	1
04462	0.33013153	0.80843925	Millinocket	2
04463	0.32740378	0.80796874	Milo	2
04464	0.3208784	0.8160281	Monson	0
04467	0.3299107	0.81371534	Olamon	0
04468	0.33139375	0.80542696	Alton	5
04469	0.33263913	0.8051052	Orono	3
04471	0.32221612	0.8295487	Orient	0
04472	0.33567607	0.7951808	Orland	0
04473	0.3310016	0.80582476	Orono	3
04474	0.33166665	0.80190444	Orrington	1
04475	0.33262426	0.80579114	Passadumkeag	0
04476	0.33441207	0.7952548	Penobscot	1
04478	0.31447148	0.80503094	Rockwood	0
04479	0.3208784	0.8160281	Sangerville	1
04481	0.3208784	0.8160281	Sebec	0
04485	0.3208784	0.8160281	Shirley Mills	0
04487	0.3299107	0.81371534	Springfield	1
04488	0.32714736	0.80152583	Stetson	2
04489	0.33240682	0.8035705	Stillwater	0
04490	0.34606066	0.80917084	Topsfield	1
04491	0.34606066	0.80917084	Vanceboro	1
04492	0.34606066	0.80917084	Waite	0
04493	0.3299107	0.81371534	West Enfield	1
04495	0.3299107	0.81371534	Winn	1
04496	0.33099827	0.79825306	Winterport	2
04497	0.32221612	0.8295487	Wytopitlock	0
04530	0.32391515	0.7819059	Bath	8
04535	0.32636908	0.7851721	Alna	0
04536	0.32683164	0.78552985	Bayville	0
04537	0.32618895	0.7830428	Boothbay	0
04538	0.32721898	0.78445315	Boothbay Harbor	2
04539	0.32636794	0.78371453	Bristol	1
04541	0.32802278	0.7833735	Chamberlain	0
04543	0.32819068	0.78528416	Damariscotta	1
04544	0.32687443	0.78199697	East Boothbay	0
04547	0.33039492	0.786356	Friendship	1
04548	0.3251931	0.78112924	Georgetown	1
04549	0.32683164	0.78552985	Isle Of Springs	0
04551	0.32788303	0.785632	Bremen	0
04552	0.32683164	0.78552985	Newagen	0
04553	0.32721472	0.78509283	Newcastle	1
04555	0.32641616	0.7863865	Nobleboro	3
04556	0.32649177	0.7838005	Edgecomb	3
04558	0.3276002	0.7834792	Pemaquid	0
04562	0.32447731	0.7806394	Phippsburg	1
04563	0.33004063	0.78648305	Cushing	1
04564	0.32792434	0.78422296	Round Pond	0
04565	0.32391924	0.78018486	Sebasco Estates	0
04567	0.32335958	0.78234935	Small Point	0
04568	0.32644472	0.78280556	South Bristol	1
04570	0.32683164	0.78552985	Squirrel Island	0
04571	0.3256094	0.78265417	Trevett	0
04572	0.3280411	0.7861906	Waldoboro	4
04573	0.32644337	0.7837516	Walpole	0
04575	0.32597712	0.7822473	West Boothbay Harbor	0
04576	0.32716775	0.7840638	Southport	0
04574	0.32777733	0.78837085	Washington	1
04578	0.32621446	0.7843255	Wiscasset	4
04579	0.3243261	0.7833115	Woolwich	1
04605	0.33854464	0.79728687	Ellsworth	7
04606	0.34606066	0.80917084	Addison	1
04607	0.3416801	0.7983314	Gouldsboro	1
04609	0.33973032	0.79552984	Bar Harbor	2
04611	0.34606066	0.80917084	Beals	1
04612	0.3397599	0.7933011	Bernard	0
04613	0.33730468	0.7999095	Birch Harbor	0
04614	0.3362589	0.7933003	Blue Hill	3
04615	0.33730468	0.7999095	Blue Hill Falls	0
04616	0.33712694	0.7928494	Brooklin	1
04617	0.33436576	0.7934834	Brooksville	1
04619	0.34635392	0.8126509	Calais	3
04622	0.34305593	0.8009387	Cherryfield	1
04623	0.34426805	0.8030524	Columbia Falls	0
04624	0.33730468	0.7999095	Corea	0
04625	0.33730468	0.7999095	Cranberry Isles	1
04626	0.34606066	0.80917084	Cutler	1
04627	0.3356242	0.79158986	Deer Isle	2
04628	0.34606066	0.80917084	Dennysville	1
04629	0.33730468	0.7999095	East Blue Hill	0
04630	0.3479781	0.80435634	East Machias	2
04631	0.35010743	0.8110405	Eastport	3
04634	0.33941424	0.7996886	Franklin	1
04635	0.33730468	0.7999095	Frenchboro	1
04637	0.34387895	0.8118377	Grand Lake Stream	0
04640	0.33730468	0.7999095	Hancock	1
04642	0.33730468	0.7999095	Harborside	0
04643	0.34606066	0.80917084	Harrington	2
04644	0.33730468	0.7999095	Hulls Cove	0
04645	0.33128765	0.78701174	Isle Au Haut	1
04646	0.33730468	0.7999095	Islesford	0
04648	0.34606066	0.80917084	Jonesboro	1
04649	0.34606066	0.80917084	Jonesport	2
04650	0.33730468	0.7999095	Little Deer Isle	0
04652	0.35192886	0.8091943	Lubec	1
04653	0.33730468	0.7999095	Bass Harbor	0
04654	0.34814084	0.8035492	Machias	5
04655	0.34606066	0.80917084	Machiasport	0
04656	0.33730468	0.7999095	Manset	0
04657	0.34606066	0.80917084	Meddybemps	0
04658	0.34606066	0.80917084	Milbridge	1
04660	0.3398308	0.79505503	Mount Desert	1
04662	0.3403198	0.79445946	Northeast Harbor	0
04664	0.33730468	0.7999095	Sullivan	2
04665	0.33730468	0.7999095	Otter Creek	0
04666	0.35043076	0.80919695	Pembroke	2
04667	0.35069537	0.8108047	Perry	1
04668	0.34405816	0.81232417	Princeton	1
04669	0.33730468	0.7999095	Prospect Harbor	0
04671	0.34606066	0.80917084	Robbinston	1
04672	0.34011272	0.79658043	Salsbury Cove	0
04673	0.33543092	0.7933605	Sargentville	0
04674	0.33730468	0.7999095	Seal Cove	0
04675	0.34075463	0.79468095	Seal Harbor	0
04676	0.33482888	0.7947428	Sedgwick	1
04677	0.34044	0.79809797	Sorrento	0
04679	0.34011006	0.79616606	Southwest Harbor	0
04680	0.34606066	0.80917084	Steuben	1
04681	0.33730468	0.7999095	Stonington	0
04683	0.33730468	0.7999095	Sunset	0
04684	0.33730468	0.7999095	Surry	1
04685	0.339394	0.7927027	Swans Island	1
04686	0.34606066	0.80917084	Wesley	1
04690	0.33730468	0.7999095	West Tremont	1
04691	0.34606066	0.80917084	Whiting	1
04693	0.3423509	0.7967738	Winter Harbor	0
04694	0.34667563	0.81209934	Alexander	4
04730	0.3363858	0.82661414	Houlton	8
04732	0.32557264	0.8388759	Ashland	1
04733	0.32221612	0.8295487	Benedicta	0
04734	0.32221612	0.8295487	Blaine	0
04735	0.32221612	0.8295487	Bridgewater	0
04736	0.3303683	0.8384253	Caribou	6
04737	0.32221612	0.8295487	Clayton Lake	0
04738	0.32221612	0.8295487	Crouseville	0
04739	0.32221612	0.8295487	Eagle Lake	2
04740	0.3336333	0.8346883	Easton	2
04741	0.32221612	0.8295487	Estcourt Station	0
04742	0.33311072	0.8369899	Fort Fairfield	2
04743	0.32679948	0.840708	Fort Kent	3
04744	0.32221612	0.8295487	Fort Kent Mills	0
04745	0.32405493	0.84421384	Frenchville	2
04746	0.33000532	0.84072995	Grand Isle	0
04747	0.33183172	0.8232323	Island Falls	1
04750	0.33217725	0.83961844	Limestone	3
04751	0.33096042	0.8389965	Limestone	0
04756	0.32908532	0.8391843	Madawaska	2
04757	0.32788774	0.8401531	Mapleton	1
04758	0.33402365	0.8337246	Mars Hill	2
04759	0.32221612	0.8295487	Masardis	0
04760	0.32221612	0.8295487	Monticello	0
04761	0.33451632	0.8256643	New Limerick	0
04762	0.32777524	0.83955276	New Sweden	1
04763	0.3328768	0.8251598	Oakfield	0
04764	0.32221612	0.8295487	Oxbow	0
04765	0.32991633	0.822436	Patten	0
04766	0.32221612	0.8295487	Perham	0
04768	0.32221612	0.8295487	Portage	0
04769	0.33130464	0.83587	Presque Isle	9
04770	0.32221612	0.8295487	Quimby	0
04772	0.32485995	0.843887	Saint Agatha	1
04773	0.32221612	0.8295487	Saint David	0
04774	0.32221612	0.8295487	Saint Francis	1
04775	0.32221612	0.8295487	Sheridan	0
04776	0.32221612	0.8295487	Sherman Mills	0
04777	0.3299107	0.81371534	Sherman Station	0
04779	0.32221612	0.8295487	Sinclair	0
04780	0.32221612	0.8295487	Smyrna Mills	0
04781	0.32221612	0.8295487	Soldier Pond	1
04782	0.3299107	0.81371534	Stacyville	2
04783	0.3292994	0.8365849	Stockholm	0
04785	0.32959554	0.8402741	Van Buren	3
04786	0.32984725	0.83684504	Washburn	2
04787	0.3328617	0.83415174	Westfield	0
04788	0.32221612	0.8295487	Winterville	0
04841	0.33176842	0.78891003	Rockland	6
04843	0.332253	0.789006	Camden	3
04846	0.33148748	0.788872	Glen Cove	0
04847	0.32960945	0.7903336	Hope	1
04848	0.33289188	0.7925291	Islesboro	1
04849	0.33164927	0.792454	Lincolnville	2
04850	0.32909003	0.79451346	Lincolnville Center	0
04851	0.33128765	0.78701174	Matinicus	1
04852	0.32683164	0.78552985	Monhegan	1
04853	0.3343948	0.78940177	North Haven	1
04854	0.33180577	0.7880254	Owls Head	1
04855	0.33128765	0.78701174	Port Clyde	0
04856	0.3321646	0.7890899	Rockport	4
04857	0.3308623	0.7862104	Saint George	1
04858	0.33106393	0.78846025	South Thomaston	1
04859	0.3317758	0.78660727	Spruce Head	0
04860	0.3308398	0.78562224	Tenants Harbor	0
04861	0.3321798	0.7886565	Thomaston	3
04862	0.32945597	0.790115	Union	2
04863	0.33469966	0.78897357	Vinalhaven	1
04864	0.33054158	0.78778255	Warren	1
04865	0.3308276	0.7897991	West Rockport	0
04901	0.32313794	0.7941786	Waterville	12
04903	0.32202408	0.793769	Waterville	12
04910	0.32298815	0.7937001	Albion	1
04911	0.3184004	0.7974956	Anson	3
04912	0.32067388	0.8001752	Athens	1
04915	0.33075598	0.793648	Belfast	6
04917	0.32092574	0.79220986	Belgrade	2
04918	0.32220665	0.7913623	Belgrade Lakes	0
04920	0.3148147	0.8103702	Bingham	1
04921	0.32829055	0.796116	Brooks	1
04922	0.3253933	0.79706335	Burnham	0
04923	0.32295102	0.802886	Cambridge	0
04924	0.32261884	0.7974744	Canaan	1
04925	0.3148147	0.8103702	Caratunk	0
04926	0.32487172	0.7917043	China	3
04927	0.32407165	0.79565966	Clinton	1
04928	0.32588273	0.8020593	Corinna	1
04929	0.32565406	0.79866993	Detroit	0
04930	0.32607946	0.8024869	Dexter	3
04932	0.32843092	0.79802394	Dixmont	0
04933	0.3299107	0.81371534	East Newport	0
04935	0.32220665	0.7913623	East Vassalboro	0
04936	0.31164324	0.8001976	Eustis	1
04937	0.32195407	0.79551387	Fairfield	6
04938	0.31657907	0.79407346	Farmington	5
04939	0.32638836	0.80349326	Garland	0
04940	0.31735513	0.7937863	Farmington Falls	0
04941	0.32677907	0.7940252	Freedom	0
04942	0.32195735	0.801456	Harmony	1
04943	0.323323	0.8004533	Hartland	2
04944	0.32221866	0.7962887	Hinckley	0
04945	0.3235256	0.80027986	Jackman	1
04947	0.31164324	0.8001976	Kingfield	2
04949	0.32954118	0.7926918	Liberty	1
04950	0.31979117	0.79744804	Madison	3
04951	0.32909003	0.79451346	Monroe	1
04952	0.3295725	0.79318035	Morrill	2
04953	0.32582316	0.80057263	Newport	3
04954	0.3148147	0.8103702	New Portland	0
04955	0.318219	0.79368436	New Sharon	1
04956	0.31451312	0.79898417	New Vineyard	0
04957	0.3200103	0.79607546	Norridgewock	1
04958	0.31804064	0.7972361	North Anson	0
04961	0.3148147	0.8103702	North New Portland	0
04962	0.32344744	0.79290164	North Vassalboro	0
04963	0.3206338	0.79351866	Oakland	4
04964	0.31164324	0.8001976	Oquossoc	0
04965	0.32289973	0.7986274	Palmyra	0
04966	0.31164324	0.8001976	Phillips	1
04967	0.3248838	0.7984376	Pittsfield	5
04969	0.3264935	0.79911196	Plymouth	0
04970	0.3086923	0.7979845	Rangeley	1
04971	0.3238767	0.80125666	Saint Albans	1
04972	0.32909003	0.79451346	Sandy Point	0
04973	0.32888985	0.7922417	Searsmont	1
04974	0.33161917	0.7954459	Searsport	3
04975	0.3231703	0.79546475	Shawmut	0
04976	0.322391	0.7978755	Skowhegan	8
04978	0.3209921	0.7947836	Smithfield	0
04979	0.31875572	0.7997899	Solon	1
04981	0.33205375	0.79578686	Stockton Springs	1
04982	0.31164324	0.8001976	Stratton	0
04983	0.3151187	0.7966411	Strong	2
04984	0.31567967	0.7941818	Temple	0
04985	0.3148147	0.8103702	West Forks	0
04986	0.32851267	0.7949718	Thorndike	3
04987	0.32909003	0.79451346	Troy	1
04988	0.32601961	0.7958565	Unity	1
04989	0.32352838	0.79198694	Vassalboro	1
04992	0.31623647	0.79420495	West Farmington	0